[gd_scene load_steps=4 format=3 uid="uid://niuaiowka7gy"]

[ext_resource type="PackedScene" uid="uid://daoh02j33d5vk" path="res://Llama/llama.blend" id="1_12be2"]
[ext_resource type="Script" path="res://Teaser/LlamaTeaser.cs" id="2_h4rix"]

[sub_resource type="BoxShape3D" id="BoxShape3D_3ywwn"]
size = Vector3(1.42348, 1.22705, 0.756896)

[node name="llama" instance=ExtResource("1_12be2")]
transform = Transform3D(0.01, 0, 0, 0, 0.01, 0, 0, 0, 0.01, 0, 0, 0)
script = ExtResource("2_h4rix")

[node name="Llama" parent="." index="0"]
transform = Transform3D(-4.37114e-08, 0, 1, 0, 1, 0, -1, 0, -4.37114e-08, 0, 0, 0)

[node name="Skeleton3D" parent="Llama" index="0"]
bones/0/rotation = Quaternion(0.5, 0.5, 0.5, -0.5)
bones/1/rotation = Quaternion(0.741045, 3.0993e-07, 8.05389e-07, 0.671456)
bones/4/rotation = Quaternion(-0.0720083, -0.703431, -0.0720082, 0.703431)
bones/5/position = Vector3(-1.76434e-07, 74.0124, 5.57065e-07)
bones/5/rotation = Quaternion(-0.610844, 1.6889e-07, 1.40533e-07, 0.791751)
bones/6/rotation = Quaternion(0.577853, 5.82759e-09, 5.60707e-09, 0.816141)
bones/8/rotation = Quaternion(0.538391, 2.58781e-08, 6.33588e-10, 0.842695)
bones/14/position = Vector3(-55.0282, -22.9687, 26.0448)
bones/14/rotation = Quaternion(0.671009, -0.223042, -0.671008, -0.223041)
bones/16/position = Vector3(27.8131, -22.9687, 20.597)
bones/16/rotation = Quaternion(0.688795, -0.159883, -0.688794, -0.159883)
bones/18/position = Vector3(-55.0282, -22.9687, -25.1034)
bones/18/rotation = Quaternion(0.680214, -0.193155, -0.680214, -0.193155)
bones/20/position = Vector3(27.8131, -22.9687, -20.7149)
bones/20/rotation = Quaternion(0.682691, -0.184211, -0.68269, -0.184211)
bones/22/position = Vector3(96.9172, 75.5941, 2.6206e-06)

[node name="Tail_2" parent="Llama/Skeleton3D" index="0"]
transform = Transform3D(0.876283, 0.481795, 7.30992e-07, -0.481796, 0.876284, 4.8782e-07, -4.3926e-07, -7.97821e-07, 1, -49.1394, 37.6961, -0.263246)
bone_idx = 2

[node name="Body_2" parent="Llama/Skeleton3D" index="1"]
transform = Transform3D(1, -1.19209e-07, 5.96046e-08, 5.96046e-08, 1, 0, -1.19209e-07, -5.96046e-08, 1, -13.3683, -0.615288, -0.263241)
bone_idx = 3

[node name="R_Ear" parent="Llama/Skeleton3D" index="2"]
transform = Transform3D(0.986276, 0.165101, 6.55789e-07, -0.165101, 0.986276, 3.55444e-07, -5.80114e-07, -4.46028e-07, 1, 71.3145, 89.0175, 6.44717)
bone_idx = 7

[node name="L_Ear" parent="Llama/Skeleton3D" index="3"]
transform = Transform3D(0.912571, 0.408917, 4.36854e-07, -0.408917, 0.912571, -1.8639e-07, -4.96936e-07, -1.66488e-09, 1, 72.576, 88.9795, -7.07117)
bone_idx = 9

[node name="Head_2" parent="Llama/Skeleton3D" index="4"]
transform = Transform3D(0.98785, -0.155402, 8.61109e-07, 0.155402, 0.987851, 4.3535e-07, -9.35744e-07, -2.78756e-07, 1, 80.1189, 74.3353, -0.263254)
bone_idx = 10

[node name="L_Eye" parent="Llama/Skeleton3D" index="5"]
transform = Transform3D(1.05943, -0.0569442, 3.80138e-07, 0.0569443, 1.05943, 3.70519e-07, -4.25752e-07, -3.27061e-07, 1.06096, 80.0832, 81.7316, -8.82821)
bone_idx = 11

[node name="R_Eye" parent="Llama/Skeleton3D" index="6"]
transform = Transform3D(1.05943, -0.0569442, 3.80138e-07, 0.0569443, 1.05943, 3.70519e-07, -4.25752e-07, -3.27061e-07, 1.06096, 80.0837, 81.7166, 8.71335)
bone_idx = 12

[node name="Neck_2" parent="Llama/Skeleton3D" index="7"]
transform = Transform3D(0.997153, -0.075396, 6.37482e-07, 0.075396, 0.997153, 2.85564e-07, -6.30472e-07, -2.67095e-07, 1, 65.397, 31.3723, -0.263243)
bone_idx = 13

[node name="BR_Leg_2" parent="Llama/Skeleton3D" index="8"]
transform = Transform3D(0.525517, 0.850783, -2.59595e-08, -0.850783, 0.525517, 1.2769e-06, 1.38711e-06, -5.04476e-07, 1, -76.9495, -52.4102, 26.1494)
bone_idx = 15

[node name="FR_Leg_2" parent="Llama/Skeleton3D" index="9"]
transform = Transform3D(0.742311, 0.670056, -3.28429e-07, -0.670056, 0.742311, -1.19554e-07, 3.40534e-07, 3.62894e-07, 1, 12.9594, -53.2906, 22.7318)
bone_idx = 17

[node name="BL_Leg_2" parent="Llama/Skeleton3D" index="10"]
transform = Transform3D(0.991932, 0.126772, 9.46754e-07, -0.126772, 0.991932, -6.09376e-07, -1.06755e-06, 5.01481e-07, 1, -74.2628, -54.2317, -25.6264)
bone_idx = 19

[node name="FL_Leg_2" parent="Llama/Skeleton3D" index="11"]
transform = Transform3D(0.980349, 0.19727, -4.57453e-07, -0.19727, 0.980349, -1.73619e-07, 5.22094e-07, 2.73026e-07, 1, 10.8474, -52.1614, -22.6701)
bone_idx = 21

[node name="AnimationPlayer" parent="." index="1" groups=["AI"]]

[node name="CollisionShape3D" type="CollisionShape3D" parent="." index="2"]
transform = Transform3D(-4.37114e-06, 0, 100, 0, 100, 0, -100, 0, -4.37114e-06, 0, -32.5739, 14.1593)
shape = SubResource("BoxShape3D_3ywwn")

[node name="NavigationAgent3D" type="NavigationAgent3D" parent="." index="3"]
avoidance_enabled = true
