[gd_scene load_steps=4 format=3 uid="uid://bu3moetx2u2ua"]

[ext_resource type="PackedScene" uid="uid://daoh02j33d5vk" path="res://Llama/llama.blend" id="1_pavc1"]
[ext_resource type="Script" path="res://Llama/LlamaCharacter.cs" id="2_lld1v"]

[sub_resource type="BoxShape3D" id="BoxShape3D_3ywwn"]
size = Vector3(1.3753, 1.19057, 0.756896)

[node name="llama" instance=ExtResource("1_pavc1")]
transform = Transform3D(0.01, 0, 0, 0, 0.01, 0, 0, 0, 0.01, 0, 0, 0)
script = ExtResource("2_lld1v")

[node name="Llama" parent="." index="0"]
transform = Transform3D(-4.37114e-08, 0, 1, 0, 1, 0, -1, 0, -4.37114e-08, 0, 9.601, -2.55)

[node name="Skeleton3D" parent="Llama" index="0"]
bones/0/position = Vector3(-51.3312, 8.89713, -2.24376e-06)
bones/0/rotation = Quaternion(0.5, 0.5, 0.5, -0.5)
bones/1/rotation = Quaternion(0.928906, 3.37277e-07, 8.12143e-07, 0.370316)
bones/4/rotation = Quaternion(-0.0405388, -0.705944, -0.0405388, 0.705944)
bones/5/position = Vector3(-1.76438e-07, 74.0124, -7.30868e-06)
bones/5/rotation = Quaternion(-0.686268, 1.52566e-07, 1.54879e-07, 0.727349)
bones/6/rotation = Quaternion(0.538391, 2.58781e-08, 6.33587e-10, 0.842695)
bones/8/position = Vector3(-7.08212, -1.83024, 6.07445)
bones/8/rotation = Quaternion(0.538391, 2.58781e-08, 6.33587e-10, 0.842695)
bones/14/rotation = Quaternion(0.707087, -0.00527877, -0.707087, -0.00527877)
bones/16/rotation = Quaternion(0.707087, -0.00527877, -0.707087, -0.00527877)
bones/18/rotation = Quaternion(0.707087, -0.00527877, -0.707087, -0.00527877)
bones/20/rotation = Quaternion(0.707087, -0.00527877, -0.707087, -0.00527877)
bones/22/position = Vector3(90.3883, 73.9065, 4.19327e-06)

[node name="Tail_2" parent="Llama/Skeleton3D" index="0"]
transform = Transform3D(0.977834, -0.209381, 8.05403e-07, 0.209381, 0.977834, 5.0989e-07, -9.28045e-07, -3.48115e-07, 1, -56.4426, 34.1595, -0.263239)
bone_idx = 2

[node name="Body_2" parent="Llama/Skeleton3D" index="1"]
transform = Transform3D(1, -1.19209e-07, 5.96046e-08, 5.96046e-08, 1, 0, -1.19209e-07, -5.96046e-08, 1, -13.3683, -0.615289, -0.263241)
bone_idx = 3

[node name="R_Ear" parent="Llama/Skeleton3D" index="2"]
transform = Transform3D(0.932277, 0.361743, 1.28714e-07, -0.361743, 0.932277, 2.949e-07, 1.64383e-08, -3.2883e-07, 1, 67.2002, 89.759, 6.44717)
bone_idx = 7

[node name="L_Ear" parent="Llama/Skeleton3D" index="3"]
transform = Transform3D(0.862602, 0.505883, -1.85274e-07, -0.505884, 0.862601, -1.6669e-07, 7.89652e-08, 2.30975e-07, 1, 67.6499, 89.8636, -7.07116)
bone_idx = 9

[node name="Head_2" parent="Llama/Skeleton3D" index="4"]
transform = Transform3D(0.9989, -0.046879, 3.04179e-07, 0.046879, 0.9989, 4.05141e-07, -3.26208e-07, -3.98125e-07, 1, 73.5527, 74.4849, -0.263242)
bone_idx = 10

[node name="L_Eye" parent="Llama/Skeleton3D" index="5"]
transform = Transform3D(1.05933, 0.058789, -2.17519e-07, -0.058789, 1.05933, 3.97118e-07, 2.30494e-07, -3.86979e-07, 1.06096, 74.3229, 81.8411, -8.8282)
bone_idx = 11

[node name="R_Eye" parent="Llama/Skeleton3D" index="6"]
transform = Transform3D(1.05933, 0.058789, -2.17519e-07, -0.058789, 1.05933, 3.97118e-07, 2.30494e-07, -3.86979e-07, 1.06096, 74.3218, 81.8261, 8.71336)
bone_idx = 12

[node name="Neck_2" parent="Llama/Skeleton3D" index="7"]
transform = Transform3D(0.986456, -0.164023, 2.58636e-08, 0.164023, 0.986456, 2.97653e-07, -3.18631e-08, -3.42006e-07, 1, 62.7257, 32.0146, -0.263239)
bone_idx = 13

[node name="BR_Leg_2" parent="Llama/Skeleton3D" index="8"]
transform = Transform3D(0.924685, 0.380732, -5.85987e-08, -0.380732, 0.924685, 7.00378e-08, 2.80762e-07, 2.62933e-08, 1, -55.5102, -60.5649, 26.1494)
bone_idx = 15

[node name="FR_Leg_2" parent="Llama/Skeleton3D" index="9"]
transform = Transform3D(0.957367, 0.288876, 6.01525e-08, -0.288876, 0.957367, 3.8459e-08, 1.95657e-07, 1.90991e-09, 1, 27.3311, -57.623, 22.7318)
bone_idx = 17

[node name="BL_Leg_2" parent="Llama/Skeleton3D" index="10"]
transform = Transform3D(0.916596, -0.399814, 1.78459e-07, 0.399814, 0.916596, -2.29188e-08, -3.40814e-08, 3.83369e-08, 1, -55.5102, -60.5648, -25.6264)
bone_idx = 19

[node name="FL_Leg_2" parent="Llama/Skeleton3D" index="11"]
transform = Transform3D(0.951227, -0.30849, -6.06009e-08, 0.30849, 0.951228, -6.40577e-08, 1.82839e-07, 1.67427e-08, 1, 27.3311, -57.623, -22.6701)
bone_idx = 21

[node name="AnimationPlayer" parent="." index="1" groups=["AI"]]

[node name="CollisionShape3D" type="CollisionShape3D" parent="." index="2"]
transform = Transform3D(-4.37114e-06, 0, 100, 0, 100, 0, -100, 0, -4.37114e-06, 0, -18.456, 9.45331)
shape = SubResource("BoxShape3D_3ywwn")

[node name="NavigationAgent3D" type="NavigationAgent3D" parent="." index="3"]
avoidance_enabled = true
