[gd_scene load_steps=4 format=3 uid="uid://bu3moetx2u2ua"]

[ext_resource type="PackedScene" uid="uid://daoh02j33d5vk" path="res://Llama/llama.blend" id="1_pavc1"]
[ext_resource type="Script" path="res://Llama/LlamaCharacter.cs" id="2_lld1v"]

[sub_resource type="BoxShape3D" id="BoxShape3D_3ywwn"]
size = Vector3(1.42348, 1.22705, 0.756896)

[node name="llama" instance=ExtResource("1_pavc1")]
transform = Transform3D(0.01, 0, 0, 0, 0.01, 0, 0, 0, 0.01, 0, 0, 0)
script = ExtResource("2_lld1v")

[node name="Llama" parent="." index="0"]
transform = Transform3D(-4.37114e-08, 0, 1, 0, 1, 0, -1, 0, -4.37114e-08, 0, 0, 0)

[node name="Skeleton3D" parent="Llama" index="0"]
bones/0/position = Vector3(-51.3312, 8.89713, -2.24376e-06)
bones/0/rotation = Quaternion(0.5, 0.5, 0.5, -0.5)
bones/1/rotation = Quaternion(0.824865, 2.96584e-07, 8.08211e-07, 0.56533)
bones/4/rotation = Quaternion(-0.0405388, -0.705944, -0.0405388, 0.705944)
bones/5/position = Vector3(-1.76438e-07, 74.0124, -7.30868e-06)
bones/5/rotation = Quaternion(-0.686268, 1.52566e-07, 1.54879e-07, 0.727349)
bones/6/rotation = Quaternion(0.846268, 2.39633e-08, -1.03125e-08, 0.532757)
bones/8/position = Vector3(-7.08212, -1.83024, 6.07445)
bones/8/rotation = Quaternion(0.736775, 2.53651e-08, -5.91511e-09, 0.676138)
bones/14/rotation = Quaternion(0.707087, -0.00527877, -0.707087, -0.00527877)
bones/16/rotation = Quaternion(0.707087, -0.00527877, -0.707087, -0.00527877)
bones/18/rotation = Quaternion(0.707087, -0.00527877, -0.707087, -0.00527877)
bones/20/rotation = Quaternion(0.707087, -0.00527877, -0.707087, -0.00527877)
bones/22/position = Vector3(90.3883, 73.9065, 4.19327e-06)

[node name="Tail_2" parent="Llama/Skeleton3D" index="0"]
transform = Transform3D(0.973202, 0.229949, 7.10861e-07, -0.22995, 0.973203, 4.74558e-07, -5.99564e-07, -6.08439e-07, 1, -52.6175, 37.9285, -0.263244)
bone_idx = 2

[node name="Body_2" parent="Llama/Skeleton3D" index="1"]
transform = Transform3D(1, -1.19209e-07, 5.96046e-08, 5.96046e-08, 1, 0, -1.19209e-07, -5.96046e-08, 1, -13.3683, -0.61025, -0.263241)
bone_idx = 3

[node name="R_Ear" parent="Llama/Skeleton3D" index="2"]
transform = Transform3D(0.872406, -0.488781, -1.43882e-07, 0.488782, 0.872405, 3.32085e-07, -5.18624e-09, -3.60061e-07, 1, 60.2008, 90.3409, 6.44717)
bone_idx = 7

[node name="L_Ear" parent="Llama/Skeleton3D" index="3"]
transform = Transform3D(0.999941, 0.0108816, -6.76775e-08, -0.0108816, 0.99994, -2.66436e-07, 6.76509e-08, 2.66519e-07, 1, 63.5646, 91.0641, -7.07116)
bone_idx = 9

[node name="Head_2" parent="Llama/Skeleton3D" index="4"]
transform = Transform3D(0.9989, -0.0468791, 2.74424e-07, 0.046879, 0.9989, 4.06828e-07, -3.26208e-07, -4.27927e-07, 1, 73.6486, 74.4937, -0.263242)
bone_idx = 10

[node name="L_Eye" parent="Llama/Skeleton3D" index="5"]
transform = Transform3D(1.05933, 0.058789, -2.17519e-07, -0.058789, 1.05933, 3.97118e-07, 2.30494e-07, -3.86979e-07, 1.06096, 74.4187, 81.8499, -8.8282)
bone_idx = 11

[node name="R_Eye" parent="Llama/Skeleton3D" index="6"]
transform = Transform3D(1.05933, 0.058789, -2.17519e-07, -0.058789, 1.05933, 3.97118e-07, 2.30494e-07, -3.86979e-07, 1.06096, 74.4176, 81.8349, 8.71337)
bone_idx = 12

[node name="Neck_2" parent="Llama/Skeleton3D" index="7"]
transform = Transform3D(0.986456, -0.164023, -2.07576e-07, 0.164023, 0.986456, 3.54551e-07, 8.73461e-08, -3.27105e-07, 1, 60.805, 32.2333, -0.263239)
bone_idx = 13

[node name="BR_Leg_2" parent="Llama/Skeleton3D" index="8"]
transform = Transform3D(0.924685, 0.380732, -5.85987e-08, -0.380732, 0.924685, 7.00378e-08, 2.80762e-07, 2.62933e-08, 1, -55.5102, -60.5649, 26.1494)
bone_idx = 15

[node name="FR_Leg_2" parent="Llama/Skeleton3D" index="9"]
transform = Transform3D(0.957367, 0.288876, 6.01525e-08, -0.288876, 0.957367, 3.8459e-08, 1.95657e-07, 1.90991e-09, 1, 27.3311, -57.623, 22.7318)
bone_idx = 17

[node name="BL_Leg_2" parent="Llama/Skeleton3D" index="10"]
transform = Transform3D(0.916596, -0.399814, 1.78459e-07, 0.399814, 0.916596, -2.29188e-08, -3.40814e-08, 3.83369e-08, 1, -55.5102, -60.5648, -25.6264)
bone_idx = 19

[node name="FL_Leg_2" parent="Llama/Skeleton3D" index="11"]
transform = Transform3D(0.951227, -0.30849, -6.06009e-08, 0.30849, 0.951228, -6.40577e-08, 1.82839e-07, 1.67427e-08, 1, 27.3311, -57.623, -22.6701)
bone_idx = 21

[node name="AnimationPlayer" parent="." index="1" groups=["AI"]]

[node name="CollisionShape3D" type="CollisionShape3D" parent="." index="2"]
transform = Transform3D(-4.37114e-06, 0, 100, 0, 100, 0, -100, 0, -4.37114e-06, 0, -32.5739, 14.1593)
shape = SubResource("BoxShape3D_3ywwn")

[node name="NavigationAgent3D" type="NavigationAgent3D" parent="." index="3"]
avoidance_enabled = true
