[gd_scene load_steps=4 format=3 uid="uid://bu3moetx2u2ua"]

[ext_resource type="PackedScene" uid="uid://daoh02j33d5vk" path="res://Llama/llama.blend" id="1_pavc1"]
[ext_resource type="Script" path="res://Llama/LlamaCharacter.cs" id="2_lld1v"]

[sub_resource type="BoxShape3D" id="BoxShape3D_3ywwn"]
size = Vector3(1.3753, 1.19057, 0.756896)

[node name="llama" instance=ExtResource("1_pavc1")]
transform = Transform3D(0.01, 0, 0, 0, 0.01, 0, 0, 0, 0.01, 0, 0, 0)
script = ExtResource("2_lld1v")

[node name="Llama" parent="." index="0"]
transform = Transform3D(-4.37114e-08, 0, 1, 0, 1, 0, -1, 0, -4.37114e-08, 0, 9.601, -2.55)

[node name="Skeleton3D" parent="Llama" index="0"]
bones/0/position = Vector3(-51.3312, 8.97977, -2.24376e-06)
bones/0/rotation = Quaternion(0.5, 0.5, 0.5, -0.5)
bones/1/rotation = Quaternion(0.945544, 3.43953e-07, 8.07754e-07, 0.325496)
bones/4/rotation = Quaternion(0.0273527, -0.706578, 0.0273527, 0.706577)
bones/5/position = Vector3(-1.76433e-07, 74.0124, -1.34706e-06)
bones/5/rotation = Quaternion(-0.806537, 1.23866e-07, 1.821e-07, 0.591183)
bones/6/position = Vector3(6.90053, -1.83025, 6.07444)
bones/6/rotation = Quaternion(0.448838, 2.5607e-08, 3.25719e-09, 0.893613)
bones/8/position = Vector3(-7.08212, -1.83025, 6.07444)
bones/8/rotation = Quaternion(0.487903, 2.5752e-08, 2.12697e-09, 0.872898)
bones/14/rotation = Quaternion(0.707087, -0.00527877, -0.707087, -0.00527877)
bones/16/rotation = Quaternion(0.707087, -0.00527877, -0.707087, -0.00527877)
bones/18/rotation = Quaternion(0.707087, -0.00527877, -0.707087, -0.00527877)
bones/20/rotation = Quaternion(0.707087, -0.00527877, -0.707087, -0.00527877)
bones/22/position = Vector3(75.5832, 69.9126, 3.65763e-06)

[node name="Tail_2" parent="Llama/Skeleton3D" index="0"]
transform = Transform3D(0.953375, -0.301789, 8.2705e-07, 0.301788, 0.953375, 5.17564e-07, -9.78417e-07, -2.62001e-07, 1, -57.1707, 33.4039, -0.263237)
bone_idx = 2

[node name="Body_2" parent="Llama/Skeleton3D" index="1"]
transform = Transform3D(1, -1.19209e-07, 5.96046e-08, 5.96046e-08, 1, 0, -1.19209e-07, -5.96046e-08, 1, -13.3682, -0.532647, -0.263241)
bone_idx = 3

[node name="R_Ear" parent="Llama/Skeleton3D" index="2"]
transform = Transform3D(0.733047, 0.680177, -7.38493e-07, -0.680177, 0.733047, 1.48881e-07, 6.77876e-07, 3.9296e-07, 1, 56.8959, 88.3723, 6.44718)
bone_idx = 7

[node name="L_Ear" parent="Llama/Skeleton3D" index="3"]
transform = Transform3D(0.682344, 0.73103, -1.18971e-06, -0.731031, 0.682344, -1.83883e-07, 6.85292e-07, 9.96742e-07, 1, 56.7629, 88.8624, -7.07115)
bone_idx = 9

[node name="Head_2" parent="Llama/Skeleton3D" index="4"]
transform = Transform3D(0.992216, 0.124524, -5.92556e-07, -0.124524, 0.992216, 2.71463e-07, 6.26843e-07, -1.98843e-07, 1, 59.0942, 73.3597, -0.263235)
bone_idx = 10

[node name="L_Eye" parent="Llama/Skeleton3D" index="5"]
transform = Transform3D(1.03369, 0.238964, -1.16656e-06, -0.238964, 1.03369, 3.481e-07, 1.21475e-06, -7.33588e-08, 1.06096, 61.1102, 80.4761, -8.82819)
bone_idx = 11

[node name="R_Eye" parent="Llama/Skeleton3D" index="6"]
transform = Transform3D(1.03369, 0.238964, -1.16656e-06, -0.238964, 1.03369, 3.481e-07, 1.21475e-06, -7.33588e-08, 1.06096, 61.1066, 80.4615, 8.71337)
bone_idx = 12

[node name="Neck_2" parent="Llama/Skeleton3D" index="7"]
transform = Transform3D(0.936992, -0.349348, -9.74685e-07, 0.349348, 0.936993, 2.3727e-07, 8.82749e-07, -6.12254e-07, 1, 56.8492, 32.5761, -0.263237)
bone_idx = 13

[node name="BR_Leg_2" parent="Llama/Skeleton3D" index="8"]
transform = Transform3D(0.924685, 0.380732, 9.5468e-07, -0.380732, 0.924685, 6.02589e-08, -7.15256e-07, -3.72529e-07, 1, -55.5102, -60.5649, 26.1494)
bone_idx = 15

[node name="FR_Leg_2" parent="Llama/Skeleton3D" index="9"]
transform = Transform3D(0.957367, 0.288876, 1.07343e-06, -0.288876, 0.957367, 2.86801e-08, -8.34465e-07, -2.98023e-07, 1, 27.3311, -57.623, 22.7318)
bone_idx = 17

[node name="BL_Leg_2" parent="Llama/Skeleton3D" index="10"]
transform = Transform3D(0.916596, -0.399814, 1.19174e-06, 0.399814, 0.916596, -3.26977e-08, -1.01328e-06, 4.76837e-07, 1, -55.5102, -60.5648, -25.6264)
bone_idx = 19

[node name="FL_Leg_2" parent="Llama/Skeleton3D" index="11"]
transform = Transform3D(0.951227, -0.30849, 9.52678e-07, 0.30849, 0.951228, -7.38365e-08, -8.34465e-07, 3.57628e-07, 1, 27.3311, -57.623, -22.6701)
bone_idx = 21

[node name="AnimationPlayer" parent="." index="1" groups=["AI"]]

[node name="CollisionShape3D" type="CollisionShape3D" parent="." index="2"]
transform = Transform3D(-4.37114e-06, 0, 100, 0, 100, 0, -100, 0, -4.37114e-06, 0, -18.456, 9.45331)
shape = SubResource("BoxShape3D_3ywwn")

[node name="NavigationAgent3D" type="NavigationAgent3D" parent="." index="3"]
avoidance_enabled = true
