[gd_scene load_steps=4 format=3 uid="uid://bu3moetx2u2ua"]

[ext_resource type="PackedScene" uid="uid://daoh02j33d5vk" path="res://Llama/llama.blend" id="1_pavc1"]
[ext_resource type="Script" path="res://Llama/LlamaCharacter.cs" id="2_lld1v"]

[sub_resource type="BoxShape3D" id="BoxShape3D_3ywwn"]
size = Vector3(1.3753, 1.19057, 0.756896)

[node name="llama" groups=["AI"] instance=ExtResource("1_pavc1")]
transform = Transform3D(0.01, 0, 0, 0, 0.01, 0, 0, 0, 0.01, 0, 0, 0)
script = ExtResource("2_lld1v")

[node name="Llama" parent="." index="0"]
transform = Transform3D(-4.12e-08, 0, 0.942546, 0, 0.942546, 0, -0.942546, 0, -4.12e-08, 0, 9.601, -2.55)

[node name="Skeleton3D" parent="Llama" index="0"]
bones/0/position = Vector3(-51.3312, 8.89713, -2.24376e-06)
bones/0/rotation = Quaternion(0.5, 0.5, 0.5, -0.5)
bones/1/rotation = Quaternion(0.928906, 3.37277e-07, 8.12143e-07, 0.370316)
bones/4/position = Vector3(56.8735, 1.79995, 2.48602e-06)
bones/4/rotation = Quaternion(-0.0393441, -0.706012, -0.0393441, 0.706011)
bones/5/position = Vector3(-1.76428e-07, 74.0124, -8.84878e-07)
bones/5/rotation = Quaternion(-0.670409, 1.55987e-07, 1.51622e-07, 0.741992)
bones/8/position = Vector3(-7.08212, -1.83024, 6.07444)
bones/14/rotation = Quaternion(0.707087, -0.00527877, -0.707087, -0.00527877)
bones/16/rotation = Quaternion(0.707087, -0.00527877, -0.707087, -0.00527877)
bones/18/rotation = Quaternion(0.707087, -0.00527877, -0.707087, -0.00527877)
bones/20/rotation = Quaternion(0.707087, -0.00527877, -0.707087, -0.00527877)
bones/22/position = Vector3(90.1783, 75.1017, 4.20851e-06)

[node name="Tail_2" parent="Llama/Skeleton3D" index="0"]
transform = Transform3D(0.977834, -0.209381, 8.05403e-07, 0.209381, 0.977834, 5.0989e-07, -9.28045e-07, -3.48114e-07, 1, -56.4426, 34.1595, -0.263239)
bone_idx = 2

[node name="Body_2" parent="Llama/Skeleton3D" index="1"]
transform = Transform3D(1, -1.19209e-07, 5.96046e-08, 5.96046e-08, 1, 0, -1.19209e-07, -5.96046e-08, 1, -13.3682, -0.615287, -0.263241)
bone_idx = 3

[node name="R_Ear" parent="Llama/Skeleton3D" index="2"]
transform = Transform3D(0.948102, 0.317964, -8.35399e-07, -0.317964, 0.948102, 2.85428e-07, 9.187e-07, -2.91054e-09, 1, 66.2776, 89.858, 6.44718)
bone_idx = 7

[node name="L_Ear" parent="Llama/Skeleton3D" index="3"]
transform = Transform3D(0.88521, 0.465191, -1.12756e-06, -0.465191, 0.885209, -1.90274e-07, 9.17653e-07, 6.96704e-07, 1, 66.722, 89.9833, -7.07115)
bone_idx = 9

[node name="Head_2" parent="Llama/Skeleton3D" index="4"]
transform = Transform3D(0.995636, -0.0933154, -6.65255e-07, 0.0933154, 0.995636, 4.03715e-07, 6.30739e-07, -4.65599e-07, 1, 73.3341, 74.896, -0.263225)
bone_idx = 10

[node name="L_Eye" parent="Llama/Skeleton3D" index="5"]
transform = Transform3D(1.06091, 0.00942598, -1.24394e-06, -0.00942599, 1.06091, 3.70499e-07, 1.24777e-06, -3.54473e-07, 1.06096, 73.7611, 82.2801, -8.82819)
bone_idx = 11

[node name="R_Eye" parent="Llama/Skeleton3D" index="6"]
transform = Transform3D(1.06091, 0.00942598, -1.24394e-06, -0.00942599, 1.06091, 3.70499e-07, 1.24777e-06, -3.54473e-07, 1.06096, 73.7607, 82.2651, 8.71338)
bone_idx = 12

[node name="Neck_2" parent="Llama/Skeleton3D" index="7"]
transform = Transform3D(0.985895, -0.167361, -9.2848e-07, 0.167361, 0.985895, 2.80726e-07, 9.20773e-07, -4.79767e-07, 1, 62.6235, 32.0342, -0.263233)
bone_idx = 13

[node name="BR_Leg_2" parent="Llama/Skeleton3D" index="8"]
transform = Transform3D(0.924685, 0.380732, 9.5468e-07, -0.380732, 0.924685, 6.02589e-08, -7.15256e-07, -3.72529e-07, 1, -55.5102, -60.5649, 26.1494)
bone_idx = 15

[node name="FR_Leg_2" parent="Llama/Skeleton3D" index="9"]
transform = Transform3D(0.957367, 0.288876, 1.07343e-06, -0.288876, 0.957367, 2.86801e-08, -8.34465e-07, -2.98023e-07, 1, 27.3311, -57.623, 22.7318)
bone_idx = 17

[node name="BL_Leg_2" parent="Llama/Skeleton3D" index="10"]
transform = Transform3D(0.916596, -0.399814, 1.19174e-06, 0.399814, 0.916596, -3.26977e-08, -1.01328e-06, 4.76837e-07, 1, -55.5102, -60.5648, -25.6264)
bone_idx = 19

[node name="FL_Leg_2" parent="Llama/Skeleton3D" index="11"]
transform = Transform3D(0.951227, -0.30849, 9.52678e-07, 0.30849, 0.951228, -7.38365e-08, -8.34465e-07, 3.57628e-07, 1, 27.3311, -57.623, -22.6701)
bone_idx = 21

[node name="AnimationPlayer" parent="." index="1" groups=["AI"]]

[node name="CollisionShape3D" type="CollisionShape3D" parent="." index="2"]
transform = Transform3D(-4.37114e-06, 0, 100, 0, 100, 0, -100, 0, -4.37114e-06, 0, -18.456, 9.45331)
shape = SubResource("BoxShape3D_3ywwn")

[node name="NavigationAgent3D" type="NavigationAgent3D" parent="." index="3"]
